1000	1000
0	0
1	1
2	2
3	3
4	4
5	5
6	6
7	7
8	8
9	9
10	10
11	11
12	12
13	13
14	14
15	15
16	16
17	17
18	18
19	19
20	20
21	21
22	22
23	23
24	24
25	25
26	26
27	27
28	28
29	29
30	30
31	31
32	32
33	33
34	34
35	35
36	36
37	37
38	38
39	39
40	40
41	41
42	42
43	43
44	44
45	45
46	46
47	47
48	48
49	49
50	50
51	51
52	52
53	53
54	54
55	55
56	56
57	57
58	58
59	59
60	60
61	61
62	62
63	63
64	64
65	65
66	66
67	67
68	68
69	69
70	70
71	71
72	72
73	73
74	74
75	75
76	76
77	77
78	78
79	79
80	80
81	81
82	82
83	83
84	84
85	85
86	86
87	87
88	88
89	89
90	90
91	91
92	92
93	93
94	94
95	95
96	96
97	97
98	98
99	99
100	100
101	101
102	102
103	103
104	104
105	105
106	106
107	107
108	108
109	109
110	110
111	111
112	112
113	113
114	114
115	115
116	116
117	117
118	118
119	119
120	120
121	121
122	122
123	123
124	124
125	125
126	126
127	127
128	128
129	129
130	130
131	131
132	132
133	133
134	134
135	135
136	136
137	137
138	138
139	139
140	140
141	141
142	142
143	143
144	144
145	145
146	146
147	147
148	148
149	149
150	150
151	151
152	152
153	153
154	154
155	155
156	156
157	157
158	158
159	159
160	160
161	161
162	162
163	163
164	164
165	165
166	166
167	167
168	168
169	169
170	170
171	171
172	172
173	173
174	174
175	175
176	176
177	177
178	178
179	179
180	180
181	181
182	182
183	183
184	184
185	185
186	186
187	187
188	188
189	189
190	190
191	191
192	192
193	193
194	194
195	195
196	196
197	197
198	198
199	199
200	200
201	201
202	202
203	203
204	204
205	205
206	206
207	207
208	208
209	209
210	210
211	211
212	212
213	213
214	214
215	215
216	216
217	217
218	218
219	219
220	220
221	221
222	222
223	223
224	224
225	225
226	226
227	227
228	228
229	229
230	230
231	231
232	232
233	233
234	234
235	235
236	236
237	237
238	238
239	239
240	240
241	241
242	242
243	243
244	244
245	245
246	246
247	247
248	248
249	249
250	250
251	251
252	252
253	253
254	254
255	255
256	256
257	257
258	258
259	259
260	260
261	261
262	262
263	263
264	264
265	265
266	266
267	267
268	268
269	269
270	270
271	271
272	272
273	273
274	274
275	275
276	276
277	277
278	278
279	279
280	280
281	281
282	282
283	283
284	284
285	285
286	286
287	287
288	288
289	289
290	290
291	291
292	292
293	293
294	294
295	295
296	296
297	297
298	298
299	299
300	300
301	301
302	302
303	303
304	304
305	305
306	306
307	307
308	308
309	309
310	310
311	311
312	312
313	313
314	314
315	315
316	316
317	317
318	318
319	319
320	320
321	321
322	322
323	323
324	324
325	325
326	326
327	327
328	328
329	329
330	330
331	331
332	332
333	333
334	334
335	335
336	336
337	337
338	338
339	339
340	340
341	341
342	342
343	343
344	344
345	345
346	346
347	347
348	348
349	349
350	350
351	351
352	352
353	353
354	354
355	355
356	356
357	357
358	358
359	359
360	360
361	361
362	362
363	363
364	364
365	365
366	366
367	367
368	368
369	369
370	370
371	371
372	372
373	373
374	374
375	375
376	376
377	377
378	378
379	379
380	380
381	381
382	382
383	383
384	384
385	385
386	386
387	387
388	388
389	389
390	390
391	391
392	392
393	393
394	394
395	395
396	396
397	397
398	398
399	399
400	400
401	401
401	402
402	403
403	404
404	405
405	406
406	407
407	408
408	409
409	410
410	411
411	412
412	413
413	414
414	415
415	416
416	417
417	418
418	419
419	420
420	421
421	422
422	423
423	424
424	425
425	426
426	427
427	428
428	429
429	430
430	431
431	432
432	433
433	434
434	435
435	436
436	437
437	438
438	439
439	440
440	441
441	442
442	443
443	444
444	445
445	446
446	447
447	448
448	449
449	450
450	451
451	452
452	453
453	454
454	455
455	456
456	457
457	458
458	459
459	460
460	461
461	462
462	463
463	464
464	465
465	466
466	467
467	468
468	469
469	470
470	471
471	472
472	473
473	474
474	475
475	476
476	477
477	478
478	479
479	480
480	481
481	482
482	483
483	484
484	485
485	486
486	487
487	488
488	489
489	490
490	491
491	492
492	493
493	494
494	495
495	496
496	497
497	498
498	499
499	500
500	501
501	502
502	503
503	504
504	505
505	506
506	507
507	508
508	509
509	510
510	511
511	512
512	513
513	514
514	515
515	516
516	517
517	518
518	519
519	520
520	521
521	522
522	523
523	524
524	525
525	526
526	527
527	528
528	529
529	530
530	531
531	532
532	533
533	534
534	535
535	536
536	537
537	538
538	539
539	540
540	541
541	542
542	543
543	544
544	545
545	546
546	547
547	548
548	549
549	550
550	551
551	552
552	553
553	554
554	555
555	556
556	557
557	558
558	559
559	560
560	561
560	562
561	563
562	564
563	565
564	566
565	567
566	568
567	569
568	570
569	571
570	572
571	573
572	574
572	575
573	576
574	577
575	578
576	579
577	580
578	581
579	582
580	583
581	584
582	585
583	586
584	587
585	588
586	589
587	590
588	591
589	592
590	593
591	594
592	595
593	596
594	597
595	598
596	599
597	600
598	601
599	602
600	603
601	604
602	605
603	606
604	607
605	608
606	609
607	610
608	611
609	612
610	613
611	614
612	615
613	616
614	617
615	618
615	619
616	620
617	621
618	622
619	623
620	624
621	625
622	626
623	627
624	628
625	629
626	630
627	631
628	632
628	633
629	634
630	635
631	636
632	637
633	638
634	639
635	640
636	641
637	642
638	643
639	644
640	645
641	646
641	647
641	648
641	649
641	650
642	651
643	652
644	653
645	654
646	655
647	656
647	657
648	658
649	659
650	660
651	661
651	662
652	663
653	664
654	665
655	666
655	667
656	668
657	669
658	670
659	671
660	672
660	673
661	674
662	675
663	676
664	677
665	678
666	679
667	680
668	681
669	682
670	683
670	684
671	685
671	686
672	687
673	688
674	689
675	690
676	691
676	692
677	693
678	694
679	695
680	696
681	697
682	698
682	699
683	700
683	701
683	702
684	703
685	704
686	705
686	706
687	707
688	708
689	709
689	710
690	711
691	712
691	713
692	714
693	715
694	716
695	717
696	718
697	719
698	720
699	721
700	722
701	723
701	724
701	725
702	726
703	727
704	728
705	729
706	730
706	731
706	732
706	733
707	734
708	735
709	736
709	737
710	738
711	739
711	740
712	741
713	742
714	743
715	744
715	745
716	746
717	747
717	748
717	749
717	750
718	751
718	752
719	753
720	754
720	755
721	756
722	757
723	758
724	759
724	760
724	761
724	762
724	763
725	764
726	765
727	766
728	767
728	768
729	769
729	770
729	771
729	772
730	773
731	774
732	775
732	776
732	777
732	778
733	779
734	780
734	781
735	782
736	783
736	784
736	785
737	786
738	787
739	788
739	789
739	790
740	791
741	792
742	793
742	794
742	795
742	796
742	797
743	798
743	799
743	800
744	801
744	802
745	803
745	804
745	805
745	806
745	807
746	808
747	809
747	810
748	811
748	812
748	813
748	814
748	815
748	816
748	817
748	818
748	819
748	820
748	821
748	822
748	823
748	824
748	825
748	826
748	827
748	828
749	829
750	830
751	831
752	832
753	833
753	834
753	835
754	836
755	837
756	838
756	839
756	840
757	841
757	842
757	843
758	844
758	845
758	846
758	847
758	848
758	849
758	850
758	851
759	852
759	853
760	854
761	855
761	856
762	857
762	858
762	859
762	860
762	861
762	862
762	863
763	864
763	865
763	866
763	867
764	868
764	869
764	870
764	871
765	872
766	873
766	874
766	875
766	876
766	877
766	878
766	879
766	880
766	881
767	882
767	883
767	884
767	885
767	886
767	887
768	888
769	889
769	890
769	891
770	892
770	893
770	894
770	895
770	896
770	897
770	898
770	899
770	900
770	901
770	902
770	903
770	904
771	905
771	906
771	907
772	908
773	909
773	910
773	911
773	912
774	913
774	914
774	915
774	916
774	917
774	918
775	919
775	920
776	921
777	922
777	923
777	924
777	925
778	926
778	927
778	928
779	929
779	930
779	931
779	932
779	933
780	934
780	935
781	936
781	937
781	938
782	939
782	940
782	941
782	942
782	943
782	944
782	945
782	946
782	947
783	948
783	949
784	950
784	951
784	952
784	953
784	954
784	955
784	956
784	957
784	958
784	959
784	960
784	961
784	962
785	963
786	964
786	965
786	966
786	967
786	968
786	969
786	970
786	971
786	972
786	973
786	974
786	975
786	976
786	977
786	978
786	979
786	980
786	981
786	982
786	983
786	984
786	985
786	986
786	987
786	988
786	989
786	990
786	991
786	992
786	993
786	994
786	995
787	996
788	997
788	998
788	999
788	1000
